b <- 32
c <- 43 
